876506262827
875322993637
874656369747
876430395907
866087530117
803531112187
836023106617
872329299417
875703110577
820096158687
866114069497
871512897537
827141381137
824631814957
746925533377
865337958127
876414628747
862589025997
852651332087
868031053247
873296191417
808443816217
858824907417
813594461937
808422582707
812186871797
857997532717
875051601897
862622215267
841210763037
860630076727
850645271907
873195430037
842722665177
851991247757
858621248267
874900449797
682884565117
867460165707
870390680957
866086426817
812193090397
663372975427
812198195667
745918270627
852043193127
870472826657
877080470297
863404093887
811255044677
873157295977
805706458707
873726648927
866033007037
871627119177
780790394087
871860527307
862957056787
861223060357
844504645127
868188935477
860690647897
873785535057
856794083167
740660865587
741461580547
790787997187
851057936197
823319650237
805802405687
855056676537
870871107927
848158604217
736279902007
873821382277
864604815277
867374308907
864409470997
876502641997
858557607917
807552219427
862640650407
866021893797
819786271807
872367874797
805702506887
823796877637
860339166607
864818805327
795123966187
864657101667
863543992327
872384454387
875981352807
812065849817
858550797547
846208702007
874896407707
872329058697
812189971067
768199775207
790796582867
868808859687
872365337207
812113030937
839910483867
850732382457
828295001647
867518590457
755528485037
777196213797
812161505927
870471171707
845834512797
875129865987
775375528077
855016546507
812194474537
802128306357
804899384727
869533938417
848146758787
867078644567
763349848947
874679248177
841398213707
868814005077
807443544377
866298200237
858795278797
875899036597
851246389867
851213080237
873313252447
873768684657
812164936187
805969304887
826843309597
868195003627
875810993257
876109827077
855715105917
873285629827
851998830437
861920225597
877462372577
779237198437
877190649847
805766397987
867125655177
873178699997
861882974177
867694416357
863531344497
875897822967
858714557357
876750724017
872355447627
870819684117
877238121837
780613906207
812168035457
789972287377
805789015637
875799940197
870745010767
858624889157
862110354277
812187955037
866109806747
858803031987
828409684667
853041218247
823468114297
865408840137
867218813817
859276407867
865636029667
739993038097
864791022227
850667939707
851949342417
867328933187
873953728127
850514751517
805711072507
824786427407
870457942137
802861689927
844099142257
719106375527
869141544757
812300270977
749684515567
872243924057
878837535727
870785010407
842583599227
736222450167
709924642717
873294095147
844155701427
812060564007
858718218307
867989378597
872237173867
811252727747
870396277697
781198645177
812068507767
863782465607
866018333147
852798121137
858718438967
818144491197
872320222267
819701066957
868154071197
824756076627
753680658137
864931091177
871852082047
812218004917
862612315657
806052413467
878845910777
822428715427
864813469367
875415981767
812164244117
742934666587
855222311957
874970298717
875069194517
867382934707
804525446267
875844132377
858734577237
865841985687
868825318917
875331779917
877196778177
789904755387
862636508017
849224913577
877701999307
771356406777
855199152687
858629603257
862619115997
875064821437
866586081297
847816551127
867398741987
853365618537
875674394687
875751104127
864400193247
846613753527
780387819977
859381793077
868204682577
865279222447
806117417897
778842367487
872346962247
810035025567
795122632197
854639749497
858711217367
866613844337
872358506777
850545373107
876594777577
862213252047
868923973997
761925809607
861921318867
875806359397
812196681137
850805471067
812195507627
851167925177
813576949557
735593328447
872345558047
797763771917
868180460127
851900396017
846875345957
768842738327
805731774427
859319406477
816205531717
864918603827
861940105057
861357422237
874662257357
857593403957
855936989577
872353331297
811243309577
840098887387
872357363357
868768218127
812178075487
846613362357
756087266367
856932447017
812183732407
813597872137
870433117887
808717163807
861332658167
850599163997
867274891547
846816600247
834534815097
855011601717
862063443967
862593569587
872295929607
852794550457
875322492137
812302226827
848123539337
861937808187
823574652957
850656986947
811240099977
865116415487
865049836347
859301051577
877198322797
862342388297
865287507227
845501847787
863547031417
871597831577
857779640997
856946228237
860363720047
859322706347
865332822767
861344162577
805356762757
859314642227
812301514697
857814384917
874925093507
872338306357
862117866747
856756821717
876362011367
796070988757
864800961957
850959772587
862772003287
816436763337
864388347817
804395317047
875713632047
873821061317
812191164637
813640188707
859230620917
96267682229
877216998657
813720248167
774127986647
870016531867
812179860827
855066425697
874625838427
805976486367
871615705037
869648170087
858632883067
871502035047
